<class 'torch.nn.modules.dropout.Dropout'>_calls,<class 'torch.nn.modules.dropout.Dropout'>_macs,<class 'torch.nn.modules.linear.Linear'>_calls,<class 'torch.nn.modules.linear.Linear'>_macs,<class 'torch.nn.modules.normalization.LayerNorm'>_calls,<class 'torch.nn.modules.normalization.LayerNorm'>_macs,avg_memory,batch_size,input_size,latency,macs,max_memory,model,total_nn_calls,total_params,trainable_params,<class 'torch.nn.modules.activation.Softmax'>_calls,<class 'torch.nn.modules.activation.Softmax'>_macs,<class 'torch.nn.modules.conv.Conv1d'>_calls,<class 'torch.nn.modules.conv.Conv1d'>_macs
37.0,0.0,73.0,10872225792.0,25.0,9830400.0,1612447744.0,1.0,128.0,0.00695574888959527,10882056192.0,1612447744.0,bert,135.0,109482240.0,0.0,,,,
37.0,0.0,73.0,21744451584.0,25.0,19660800.0,1828454400.0,2.0,128.0,0.007693191710859537,21764112384.0,1828454400.0,bert,135.0,109482240.0,0.0,,,,
37.0,0.0,73.0,43488903168.0,25.0,39321600.0,2048655360.0,4.0,128.0,0.007245465833693744,43528224768.0,2048655360.0,bert,135.0,109482240.0,0.0,,,,
37.0,0.0,73.0,86977806336.0,25.0,78643200.0,2285633536.0,8.0,128.0,0.00730305453762412,87056449536.0,2285633536.0,bert,135.0,109482240.0,0.0,,,,
37.0,0.0,73.0,173955612672.0,25.0,157286400.0,2285633536.0,16.0,128.0,0.007115765195339919,174112899072.0,2285633536.0,bert,135.0,109482240.0,0.0,,,,
37.0,0.0,73.0,347911225344.0,25.0,314572800.0,2312896512.0,32.0,128.0,0.012715893890708685,348225798144.0,2312896512.0,bert,135.0,109482240.0,0.0,,,,
37.0,0.0,73.0,695822450688.0,25.0,629145600.0,2514223104.0,64.0,128.0,0.02266190815716982,696451596288.0,2514223104.0,bert,135.0,109482240.0,0.0,,,,
37.0,0.0,73.0,1391644901376.0,25.0,1258291200.0,3118202880.0,128.0,128.0,0.043330562487244616,1392903192576.0,3118202880.0,bert,135.0,109482240.0,0.0,,,,
13.0,0.0,36.0,5435817984.0,13.0,5111808.0,1398538240.0,1.0,128.0,0.0036376559175550936,5440929792.0,1398538240.0,distilbert,62.0,66362880.0,0.0,,,,
13.0,0.0,36.0,10871635968.0,13.0,10223616.0,1534853120.0,2.0,128.0,0.0040375548414886,10881859584.0,1534853120.0,distilbert,62.0,66362880.0,0.0,,,,
13.0,0.0,36.0,21743271936.0,13.0,20447232.0,1643905024.0,4.0,128.0,0.003945435211062431,21763719168.0,1643905024.0,distilbert,62.0,66362880.0,0.0,,,,
13.0,0.0,36.0,43486543872.0,13.0,40894464.0,1643905024.0,8.0,128.0,0.004013294540345669,43527438336.0,1643905024.0,distilbert,62.0,66362880.0,0.0,,,,
13.0,0.0,36.0,86973087744.0,13.0,81788928.0,1643905024.0,16.0,128.0,0.003761826548725367,87054876672.0,1643905024.0,distilbert,62.0,66362880.0,0.0,,,,
13.0,0.0,36.0,173946175488.0,13.0,163577856.0,1694236672.0,32.0,128.0,0.006684301607310772,174109753344.0,1694236672.0,distilbert,62.0,66362880.0,0.0,,,,
13.0,0.0,36.0,347892350976.0,13.0,327155712.0,1895563264.0,64.0,128.0,0.012010063789784907,348219506688.0,1895563264.0,distilbert,62.0,66362880.0,0.0,,,,
13.0,0.0,36.0,695784701952.0,13.0,654311424.0,2398879744.0,128.0,128.0,0.023119436763226985,696439013376.0,2398879744.0,distilbert,62.0,66362880.0,0.0,,,,
61.0,0.0,84.0,8266973184.0,29.0,7471104.0,1698430976.0,1.0,128.0,0.01718873018398881,8274444288.0,1698430976.0,funnel_transformer,174.0,130973184.0,0.0,,,,
61.0,0.0,84.0,16533946368.0,29.0,14942208.0,1960574976.0,2.0,128.0,0.018181675486266608,16548888576.0,1960574976.0,funnel_transformer,174.0,130973184.0,0.0,,,,
61.0,0.0,84.0,33067892736.0,29.0,29884416.0,2245787648.0,4.0,128.0,0.01784209944307804,33097777152.0,2245787648.0,funnel_transformer,174.0,130973184.0,0.0,,,,
61.0,0.0,84.0,66135785472.0,29.0,59768832.0,2247884800.0,8.0,128.0,0.01788563998416066,66195554304.0,2247884800.0,funnel_transformer,174.0,130973184.0,0.0,,,,
61.0,0.0,84.0,132271570944.0,29.0,119537664.0,2249981952.0,16.0,128.0,0.01814457690343261,132391108608.0,2249981952.0,funnel_transformer,174.0,130973184.0,0.0,,,,
61.0,0.0,84.0,264543141888.0,29.0,239075328.0,2558263296.0,32.0,128.0,0.017104968521744014,264782217216.0,2558263296.0,funnel_transformer,174.0,130973184.0,0.0,,,,
61.0,0.0,84.0,529086283776.0,29.0,478150656.0,3074162688.0,64.0,128.0,0.027805711701512338,529564434432.0,3074162688.0,funnel_transformer,174.0,130973184.0,0.0,,,,
61.0,0.0,84.0,1058172567552.0,29.0,956301312.0,3904634880.0,128.0,128.0,0.05126994606107473,1059128868864.0,3904634880.0,funnel_transformer,174.0,130973184.0,0.0,,,,
4.0,0.0,8.0,10884808704.0,3.0,9502720.0,1125908480.0,1.0,128.0,0.006625365838408471,10894311424.0,1125908480.0,albert,15.0,11683584.0,0.0,,,,
4.0,0.0,8.0,21769617408.0,3.0,19005440.0,1169948672.0,2.0,128.0,0.007403912860900164,21788622848.0,1169948672.0,albert,15.0,11683584.0,0.0,,,,
4.0,0.0,8.0,43539234816.0,3.0,38010880.0,1195114496.0,4.0,128.0,0.007022170815616846,43577245696.0,1195114496.0,albert,15.0,11683584.0,0.0,,,,
4.0,0.0,8.0,87078469632.0,3.0,76021760.0,1237057536.0,8.0,128.0,0.006893619894981384,87154491392.0,1237057536.0,albert,15.0,11683584.0,0.0,,,,
4.0,0.0,8.0,174156939264.0,3.0,152043520.0,1276903424.0,16.0,128.0,0.0069204439409077155,174308982784.0,1276903424.0,albert,15.0,11683584.0,0.0,,,,
4.0,0.0,8.0,348313878528.0,3.0,304087040.0,1402732544.0,32.0,128.0,0.012574276514351371,348617965568.0,1402732544.0,albert,15.0,11683584.0,0.0,,,,
4.0,0.0,8.0,696627757056.0,3.0,608174080.0,1654390784.0,64.0,128.0,0.02239996055141092,697235931136.0,1654390784.0,albert,15.0,11683584.0,0.0,,,,
4.0,0.0,8.0,1393255514112.0,3.0,1216348160.0,2157707264.0,128.0,128.0,0.04291835715994239,1394471862272.0,2157707264.0,albert,15.0,11683584.0,0.0,,,,
25.0,0.0,109.0,43487133696.0,25.0,39321600.0,1803288576.0,1.0,128.0,0.02097665723413229,43526455296.0,1803288576.0,longformer,159.0,148659456.0,0.0,,,,
25.0,0.0,109.0,86974267392.0,25.0,78643200.0,2111569920.0,2.0,128.0,0.023756977915763856,87052910592.0,2111569920.0,longformer,159.0,148659456.0,0.0,,,,
25.0,0.0,109.0,173948534784.0,25.0,157286400.0,2451308544.0,4.0,128.0,0.02452817475423217,174105821184.0,2451308544.0,longformer,159.0,148659456.0,0.0,,,,
25.0,0.0,109.0,347897069568.0,25.0,314572800.0,2606497792.0,8.0,128.0,0.04592037796974182,348211642368.0,2606497792.0,longformer,159.0,148659456.0,0.0,,,,
25.0,0.0,109.0,695794139136.0,25.0,629145600.0,3013345280.0,16.0,128.0,0.08885581018403173,696423284736.0,3013345280.0,longformer,159.0,148659456.0,0.0,,,,
25.0,0.0,109.0,1391588278272.0,25.0,1258291200.0,4026269696.0,32.0,128.0,0.1723356841132045,1392846569472.0,4026269696.0,longformer,159.0,148659456.0,0.0,,,,
25.0,0.0,109.0,2783176556544.0,25.0,2516582400.0,5643173888.0,64.0,128.0,0.3404744734056294,2785693138944.0,5643173888.0,longformer,159.0,148659456.0,0.0,,,,
25.0,0.0,109.0,5566353113088.0,25.0,5033164800.0,8872787968.0,128.0,128.0,0.6920709556899964,5571386277888.0,8872787968.0,longformer,159.0,148659456.0,0.0,,,,
49.0,0.0,361.0,2592079872.0,,,1184628736.0,1.0,128.0,0.02719671251252293,2592079872.0,1184628736.0,mobile_bert,410.0,24581888.0,0.0,,,,
49.0,0.0,361.0,5184159744.0,,,1230766080.0,2.0,128.0,0.028406102396547794,5184159744.0,1230766080.0,mobile_bert,410.0,24581888.0,0.0,,,,
49.0,0.0,361.0,10368319488.0,,,1230766080.0,4.0,128.0,0.029969374649226662,10368319488.0,1230766080.0,mobile_bert,410.0,24581888.0,0.0,,,,
49.0,0.0,361.0,20736638976.0,,,1232863232.0,8.0,128.0,0.02668612478300929,20736638976.0,1232863232.0,mobile_bert,410.0,24581888.0,0.0,,,,
49.0,0.0,361.0,41473277952.0,,,1274806272.0,16.0,128.0,0.029599991254508493,41473277952.0,1274806272.0,mobile_bert,410.0,24581888.0,0.0,,,,
49.0,0.0,361.0,82946555904.0,,,1327235072.0,32.0,128.0,0.03013804033398628,82946555904.0,1327235072.0,mobile_bert,410.0,24581888.0,0.0,,,,
49.0,0.0,361.0,165893111808.0,,,1515978752.0,64.0,128.0,0.03080678721889853,165893111808.0,1515978752.0,mobile_bert,410.0,24581888.0,0.0,,,,
49.0,0.0,361.0,331786223616.0,,,1857814528.0,128.0,128.0,0.03049746043980122,331786223616.0,1857814528.0,mobile_bert,410.0,24581888.0,0.0,,,,
37.0,0.0,1.0,589824.0,1.0,393216.0,1958477824.0,1.0,128.0,0.02244843412190676,3405428736.0,1958477824.0,squeeze_bert,123.0,51094272.0,0.0,12.0,7059456.0,72.0,3397386240.0
37.0,0.0,1.0,1179648.0,1.0,786432.0,2061238272.0,2.0,128.0,0.022865406516939402,6810857472.0,2061238272.0,squeeze_bert,123.0,51094272.0,0.0,12.0,14118912.0,72.0,6794772480.0
37.0,0.0,1.0,2359296.0,1.0,1572864.0,2163998720.0,4.0,128.0,0.02362199071794748,13621714944.0,2163998720.0,squeeze_bert,123.0,51094272.0,0.0,12.0,28237824.0,72.0,13589544960.0
37.0,0.0,1.0,4718592.0,1.0,3145728.0,2163998720.0,8.0,128.0,0.02266256036236882,27243429888.0,2163998720.0,squeeze_bert,123.0,51094272.0,0.0,12.0,56475648.0,72.0,27179089920.0
37.0,0.0,1.0,9437184.0,1.0,6291456.0,2212233216.0,16.0,128.0,0.02449439950287342,54486859776.0,2212233216.0,squeeze_bert,123.0,51094272.0,0.0,12.0,112951296.0,72.0,54358179840.0
37.0,0.0,1.0,18874368.0,1.0,12582912.0,2329673728.0,32.0,128.0,0.022581555135548114,108973719552.0,2329673728.0,squeeze_bert,123.0,51094272.0,0.0,12.0,225902592.0,72.0,108716359680.0
37.0,0.0,1.0,37748736.0,1.0,25165824.0,2621177856.0,64.0,128.0,0.03466348871588707,217947439104.0,2621177856.0,squeeze_bert,123.0,51094272.0,0.0,12.0,451805184.0,72.0,217432719360.0
37.0,0.0,1.0,75497472.0,1.0,50331648.0,3241934848.0,128.0,128.0,0.06497417576611042,435894878208.0,3241934848.0,squeeze_bert,123.0,51094272.0,0.0,12.0,903610368.0,72.0,434865438720.0
